10 40 15
10 41 15
10 42 15
10 43 15
10 44 15
9 45 15
9 46 15
9 47 15
9 48 15
9 49 15
9 50 15
9 51 15
9 52 15
9 53 15
9 54 15
9 55 15
9 56 15
9 57 15
9 58 15
9 59 15
9 60 15
10 61 15
10 62 15
10 63 15
10 64 15
10 65 15
10 66 15
10 67 15
10 68 15
10 69 15
10 70 15
10 70 15
11 69 15
12 68 15
13 67 15
14 66 15
15 65 15
16 64 15
17 63 15
18 62 15
19 61 15
20 61 15
21 61 15
22 61 15
23 61 15
24 61 15
25 61 15
26 60 15
27 59 15
28 58 15
29 57 15
30 56 15
30 55 15
30 54 15
30 53 15
30 52 15
30 51 15
30 50 15
30 49 15
30 48 15
30 47 15
30 46 15
30 45 15
30 45 15
31 44 15
32 43 15
33 42 15
34 41 15
35 40 15
36 39 15
37 38 15
38 37 15
39 36 15
40 35 15
40 34 15
40 33 15
40 32 15
40 31 15
40 30 15
40 29 15
40 28 15
40 27 15
40 26 15
40 25 15
40 24 15
40 23 15
40 22 15
40 21 15
40 20 15
40 19 15
40 18 15
40 17 15
40 16 15
40 15 15
40 15 15
41 16 15
42 17 15
43 18 15
44 19 15
45 20 15
46 21 15
47 22 15
48 23 15
49 24 15
50 25 15
51 26 15
52 27 15
53 28 15
54 29 15
55 30 15
55 31 15
55 32 15
55 33 15
55 34 15
55 35 15
55 36 15
55 37 15
55 38 15
55 39 15
55 40 15
55 40 15
56 41 15
57 42 15
58 42 15
59 42 15
60 42 15
61 42 15
62 42 15
63 42 15
64 42 15
65 42 15
66 42 15
67 42 15
68 42 15
69 42 15
70 42 15
71 42 15
72 42 15
73 42 15
74 42 15
75 42 15
76 42 15
77 42 15
78 42 15
79 42 15
80 42 15
81 42 15
82 42 15
83 42 15
84 42 15
85 42 15
85 42 15
84 43 15
83 44 15
82 45 15
81 46 15
80 47 15
79 48 15
78 49 15
77 50 15
76 51 15
75 52 15
74 53 15
73 54 15
72 55 15
71 56 15
70 57 15
69 58 15
68 59 15
67 60 15
66 61 15
65 62 15
64 63 15
63 64 15
62 65 15
61 66 15
60 67 15
60 68 15
60 69 15
60 70 15
60 71 15
60 72 15
60 73 15
60 74 15
60 75 15
60 75 15
59 74 15
58 73 15
57 72 15
56 71 15
55 70 15
54 69 15
53 68 15
52 67 15
51 66 15
50 65 15
49 64 15
48 63 15
47 62 15
46 61 15
45 61 15
44 61 15
43 61 15
42 61 15
41 61 15
40 61 15
39 60 15
38 59 15
37 58 15
36 57 15
35 56 15
34 55 15
33 54 15
32 53 15
31 52 15
30 51 15
29 50 15
28 49 15
27 48 15
26 47 15
26 46 15
26 45 15
25 44 15
24 43 15
23 42 15
22 41 15
21 40 15
20 40 15
19 40 15
18 40 15
17 40 15
16 40 15
15 40 15
14 40 15
13 40 15
12 40 15
11 40 15
